67
1 5
1 11
1 67
1 2
1 54
1 28
1 28
1 53
1 11
1 14
1 61
1 4
1 5
1 25
1 56
1 56
1 12
1 39
1 52
1 9
1 49
1 9
1 2
1 30
1 61
1 47
1 15
1 60
1 12
1 54
1 5
1 4
1 18
1 58
1 44
1 57
1 40
1 41
1 16
1 57
1 25
1 48
1 7
1 38
1 34
1 6
1 2
1 35
1 47
1 63
1 45
1 37
1 37
1 58
1 11
1 3
1 32
2 28
2 38
2 2
2 28
2 27
2 46
2 59
2 24
2 15
2 57
2 32
2 26
2 14
2 32
2 42
2 50
2 34
2 14
2 7
2 19
2 14
2 8
2 2
2 39
2 13
2 54
2 60
2 21
2 31
2 13
2 40
2 57
2 26
2 8
2 59
2 27
2 8
2 64
2 11
2 1
2 62
2 15
2 29
2 19
2 27
2 37
2 38
2 13
2 26
2 35
2 38
2 49
2 52
2 62
2 24
2 36
2 22
2 11
2 4
3 34
3 58
3 17
3 65
3 66
3 36
3 13
3 9
3 65
3 6
3 51
3 35
3 59
3 31
3 13
3 55
3 67
3 42
3 1
3 13
3 27
3 30
3 15
3 17
3 15
3 3
3 9
3 19
3 2
3 11
3 30
3 3
3 6
3 7
3 53
3 42
3 17
3 16
3 21
3 33
3 62
3 13
3 5
3 21
3 10
3 21
3 23
3 59
3 23
3 18
3 39
3 59
3 38
3 28
3 8
3 38
3 2
3 7
4 51
4 13
4 62
4 60
4 35
4 27
4 65
4 7
4 23
4 3
4 19
4 32
4 35
4 54
4 24
4 24
4 36
4 59
4 47
4 33
4 54
4 27
4 52
4 53
4 1
4 54
4 49
4 65
4 67
4 25
4 1
4 33
4 65
4 61
4 42
4 46
4 47
4 25
4 64
4 54
4 1
4 26
4 41
4 38
4 62
4 2
4 33
4 49
4 8
4 17
4 5
4 63
4 38
4 65
4 30
4 59
4 25
4 18
4 50
4 13
5 65
5 2
5 28
5 31
5 10
5 46
5 38
5 57
5 28
5 26
5 52
5 5
5 42
5 26
5 5
5 55
5 49
5 11
5 65
5 36
5 5
5 18
5 7
5 26
5 37
5 47
5 47
5 57
5 2
5 8
5 16
5 5
5 67
5 24
5 42
5 13
5 28
5 2
5 54
5 43
5 40
5 65
5 31
5 50
5 51
5 46
5 24
5 44
5 58
5 15
5 63
5 3
5 18
5 30
5 53
5 62
5 48
5 29
6 27
6 48
6 56
6 13
6 11
6 67
6 33
6 18
6 64
6 12
6 52
6 35
6 4
6 49
6 7
6 34
6 27
6 36
6 23
6 2
6 29
6 29
6 60
6 49
6 1
6 16
6 25
6 15
6 67
6 10
6 6
6 16
6 16
6 34
6 67
6 66
6 52
6 15
6 25
6 7
6 27
6 60
6 66
6 56
6 46
6 16
6 67
6 60
6 17
6 54
6 18
6 7
6 53
6 17
6 12
6 65
6 48
6 11
6 26
6 27
6 23
7 6
7 60
7 10
7 5
7 16
7 56
7 15
7 64
7 24
7 38
7 16
7 59
7 28
7 43
7 13
7 24
7 43
7 5
7 67
7 18
7 27
7 62
7 4
7 8
7 16
7 16
7 39
7 45
7 64
7 51
7 5
7 22
7 29
7 53
7 33
7 33
7 46
7 9
7 30
7 29
7 29
7 23
7 55
7 41
7 37
7 22
7 48
7 37
7 65
7 42
7 32
7 2
7 12
7 23
7 20
7 64
7 22
7 44
8 43
8 49
8 10
8 55
8 11
8 55
8 67
8 48
8 23
8 7
8 38
8 18
8 43
8 2
8 53
8 20
8 44
8 61
8 2
8 19
8 30
8 31
8 57
8 46
8 32
8 38
8 66
8 6
8 42
8 17
8 14
8 60
8 19
8 36
8 2
8 33
8 19
8 16
8 25
8 44
8 11
8 55
8 46
8 6
8 15
8 31
8 58
8 18
8 36
8 8
8 44
8 57
8 12
8 27
8 39
8 13
8 33
8 19
8 51
8 36
9 21
9 39
9 50
9 38
9 60
9 24
9 60
9 29
9 10
9 66
9 32
9 50
9 42
9 42
9 48
9 64
9 57
9 46
9 26
9 8
9 46
9 51
9 13
9 43
9 19
9 1
9 15
9 37
9 49
9 59
9 66
9 9
9 20
9 5
9 5
9 4
9 47
9 20
9 9
9 39
9 64
9 51
9 24
9 15
9 56
9 57
9 30
9 34
9 48
9 66
9 3
9 33
9 65
9 63
9 41
9 1
9 16
9 37
10 17
10 31
10 20
10 25
10 43
10 42
10 52
10 47
10 9
10 57
10 47
10 26
10 27
10 34
10 61
10 14
10 43
10 32
10 59
10 33
10 11
10 32
10 49
10 29
10 6
10 62
10 19
10 11
10 8
10 63
10 63
10 21
10 67
10 55
10 46
10 3
10 3
10 24
10 37
10 15
10 30
10 67
10 56
10 65
10 40
10 53
10 6
10 55
10 54
10 19
10 23
10 47
10 58
10 36
10 5
10 61
10 22
10 8
10 50
11 25
11 41
11 64
11 60
11 43
11 4
11 62
11 50
11 33
11 27
11 13
11 19
11 7
11 37
11 28
11 52
11 38
11 32
11 46
11 9
11 65
11 53
11 42
11 40
11 27
11 33
11 61
11 13
11 10
11 38
11 65
11 34
11 67
11 32
11 39
11 10
11 18
11 5
11 4
11 31
11 22
11 62
11 44
11 48
11 45
11 21
11 7
11 57
11 14
11 27
11 63
11 35
11 26
11 39
11 16
11 64
12 32
12 2
12 60
12 46
12 1
12 23
12 3
12 29
12 26
12 2
12 14
12 67
12 23
12 44
12 50
12 36
12 18
12 14
12 9
12 3
12 58
12 43
12 22
12 37
12 4
12 47
12 52
12 47
12 10
12 46
12 13
12 29
12 46
12 51
12 7
12 2
12 13
12 34
12 38
12 63
12 9
12 8
12 44
12 18
12 6
12 13
12 60
12 52
12 23
12 35
12 43
12 50
12 28
12 3
12 21
12 2
12 13
12 64
12 62
12 31
12 62
13 52
13 17
13 1
13 50
13 32
13 56
13 57
13 34
13 12
13 67
13 24
13 60
13 46
13 50
13 57
13 4
13 11
13 63
13 7
13 64
13 54
13 33
13 23
13 6
13 11
13 7
13 30
13 29
13 67
13 3
13 55
13 43
13 13
13 65
13 26
13 37
13 46
13 9
13 34
13 62
13 51
13 15
13 62
13 44
13 28
13 18
13 11
13 5
13 53
13 31
13 48
13 53
13 46
13 58
13 23
13 40
14 41
14 14
14 60
14 64
14 23
14 59
14 36
14 17
14 67
14 60
14 43
14 15
14 3
14 49
14 17
14 12
14 46
14 2
14 23
14 31
14 52
14 17
14 21
14 29
14 56
14 13
14 58
14 38
14 34
14 28
14 13
14 26
14 53
14 6
14 19
14 63
14 17
14 55
14 33
14 54
14 4
14 23
14 33
14 67
14 3
14 26
14 6
14 50
14 36
14 17
14 28
14 56
14 58
14 13
14 43
14 5
14 35
14 50
14 29
15 13
15 61
15 14
15 12
15 35
15 21
15 47
15 22
15 11
15 14
15 57
15 24
15 49
15 16
15 9
15 34
15 31
15 32
15 25
15 56
15 45
15 47
15 60
15 45
15 46
15 62
15 37
15 6
15 18
15 9
15 35
15 30
15 29
15 62
15 5
15 2
15 39
15 64
15 35
15 19
15 32
15 21
15 63
15 52
15 61
15 13
15 23
15 23
15 62
15 42
15 60
15 30
15 53
15 40
15 64
15 9
15 37
15 37
16 57
16 43
16 39
16 54
16 9
16 35
16 4
16 65
16 12
16 22
16 42
16 24
16 20
16 53
16 30
16 53
16 34
16 34
16 49
16 39
16 31
16 12
16 60
16 13
16 49
16 28
16 54
16 4
16 11
16 50
16 31
16 62
16 43
16 18
16 25
16 15
16 39
16 6
16 23
16 36
16 51
16 61
16 45
16 32
16 6
16 8
16 25
16 44
16 6
16 55
16 10
16 2
16 40
16 8
16 37
16 36
16 61
16 62
16 62
16 18
16 51
17 6
17 54
17 13
17 26
17 32
17 13
17 33
17 12
17 19
17 56
17 2
17 37
17 49
17 65
17 20
17 14
17 30
17 4
17 47
17 40
17 38
17 2
17 59
17 48
17 11
17 21
17 9
17 24
17 22
17 21
17 31
17 11
17 55
17 42
17 31
17 2
17 46
17 57
17 38
17 51
17 16
17 32
17 34
17 32
17 16
17 12
17 42
17 16
17 16
17 1
17 62
17 46
17 17
17 52
17 39
17 7
17 30
17 11
17 51
17 48
18 43
18 30
18 36
18 45
18 55
18 57
18 19
18 26
18 21
18 36
18 21
18 42
18 43
18 40
18 66
18 64
18 55
18 7
18 49
18 13
18 55
18 6
18 62
18 17
18 43
18 67
18 40
18 4
18 59
18 1
18 1
18 48
18 35
18 9
18 53
18 44
18 9
18 11
18 17
18 26
18 7
18 51
18 55
18 15
18 7
18 26
18 63
18 39
18 7
18 15
18 33
18 57
18 5
18 15
18 24
18 56
18 48
18 25
19 22
19 40
19 24
19 37
19 16
19 39
19 30
19 23
19 28
19 14
19 7
19 23
19 41
19 45
19 31
19 41
19 58
19 4
19 35
19 2
19 33
19 42
19 62
19 20
19 1
19 20
19 38
19 15
19 31
19 31
19 8
19 47
19 32
19 3
19 17
19 30
19 56
19 53
19 63
19 56
19 41
19 24
19 43
19 56
19 46
19 9
19 21
19 61
19 24
19 1
19 47
19 38
19 52
19 43
19 18
19 27
19 54
19 20
19 30
20 67
20 18
20 52
20 33
20 31
20 24
20 27
20 57
20 30
20 37
20 34
20 27
20 45
20 45
20 4
20 10
20 20
20 55
20 38
20 59
20 20
20 28
20 15
20 63
20 54
20 6
20 10
20 19
20 17
20 38
20 63
20 53
20 55
20 8
20 57
20 42
20 48
20 63
20 29
20 12
20 55
20 15
20 30
20 67
20 26
20 17
20 48
20 36
20 23
20 20
20 8
20 26
20 25
20 13
20 4
20 60
20 3
20 42
20 29
20 7
21 54
21 43
21 40
21 51
21 1
21 42
21 59
21 35
21 63
21 44
21 60
21 24
21 44
21 26
21 67
21 2
21 7
21 32
21 46
21 14
21 23
21 65
21 18
21 48
21 13
21 36
21 28
21 50
21 8
21 20
21 40
21 40
21 53
21 14
21 52
21 16
21 59
21 52
21 53
21 50
21 26
21 16
21 19
21 8
21 27
21 50
21 7
21 34
21 10
21 46
21 43
21 9
21 36
21 56
21 62
21 23
21 50
21 21
21 23
22 17
22 26
22 9
22 26
22 14
22 14
22 10
22 53
22 13
22 23
22 66
22 65
22 50
22 60
22 50
22 25
22 24
22 41
22 35
22 63
22 47
22 48
22 21
22 62
22 37
22 56
22 37
22 28
22 55
22 14
22 50
22 16
22 52
22 36
22 21
22 4
22 49
22 8
22 55
22 42
22 67
22 36
22 45
22 25
22 1
22 41
22 59
22 64
22 21
22 32
22 43
22 9
22 47
22 20
22 34
22 10
22 66
22 24
22 1
23 54
23 20
23 14
23 19
23 65
23 16
23 33
23 65
23 49
23 37
23 18
23 13
23 26
23 14
23 27
23 7
23 41
23 53
23 30
23 20
23 36
23 22
23 59
23 26
23 36
23 17
23 20
23 53
23 48
23 49
23 21
23 48
23 20
23 39
23 49
23 4
23 33
23 35
23 59
23 61
23 11
23 8
23 25
23 58
23 63
23 47
23 28
23 61
23 43
23 4
23 49
23 41
23 57
23 29
23 16
23 9
23 49
23 55
23 24
24 54
24 42
24 3
24 15
24 50
24 56
24 17
24 46
24 49
24 62
24 47
24 56
24 42
24 37
24 35
24 46
24 39
24 48
24 7
24 39
24 39
24 2
24 65
24 48
24 36
24 12
24 30
24 4
24 55
24 53
24 65
24 31
24 10
24 39
24 21
24 63
24 60
24 45
24 67
24 33
24 53
24 41
24 26
24 37
24 66
24 53
24 2
24 17
24 12
24 3
24 24
24 18
24 57
24 65
24 59
24 9
24 35
24 16
24 19
24 45
24 32
25 54
25 61
25 25
25 39
25 56
25 30
25 58
25 13
25 34
25 11
25 32
25 40
25 18
25 43
25 63
25 7
25 66
25 65
25 26
25 18
25 24
25 37
25 19
25 39
25 48
25 28
25 53
25 43
25 65
25 61
25 25
25 2
25 18
25 36
25 41
25 28
25 64
25 15
25 62
25 3
25 46
25 21
25 40
25 35
25 49
25 26
25 33
25 3
25 67
25 46
25 28
25 7
25 53
25 60
25 62
25 32
25 50
25 37
25 36
25 44
26 43
26 19
26 49
26 13
26 40
26 35
26 49
26 57
26 41
26 47
26 18
26 43
26 1
26 50
26 5
26 11
26 24
26 9
26 32
26 18
26 51
26 65
26 66
26 20
26 14
26 59
26 23
26 47
26 44
26 19
26 49
26 58
26 9
26 33
26 25
26 18
26 43
26 7
26 40
26 33
26 39
26 44
26 49
26 18
26 19
26 13
26 61
26 10
26 36
26 50
26 51
26 37
26 5
26 63
26 67
26 23
27 13
27 41
27 46
27 30
27 46
27 10
27 13
27 4
27 63
27 11
27 56
27 53
27 63
27 48
27 53
27 20
27 10
27 13
27 42
27 7
27 22
27 45
27 8
27 66
27 5
27 15
27 60
27 5
27 34
27 49
27 55
27 24
27 17
27 17
27 9
27 29
27 45
27 51
27 57
27 33
27 37
27 6
27 61
27 48
27 34
27 15
27 6
27 63
27 34
27 11
27 18
27 54
27 44
27 18
27 11
27 16
27 30
27 66
27 51
27 42
27 3
28 3
28 8
28 61
28 13
28 36
28 27
28 13
28 33
28 18
28 29
28 28
28 11
28 43
28 37
28 11
28 39
28 45
28 41
28 2
28 34
28 27
28 63
28 8
28 62
28 57
28 42
28 29
28 29
28 28
28 43
28 22
28 32
28 29
28 35
28 3
28 19
28 36
28 45
28 67
28 26
28 15
28 14
28 25
28 64
28 58
28 16
28 12
28 61
28 27
28 40
28 42
28 10
28 30
28 14
28 49
28 59
28 63
28 52
28 29
28 43
28 21
29 47
29 13
29 59
29 20
29 47
29 4
29 6
29 64
29 49
29 8
29 14
29 24
29 66
29 32
29 32
29 5
29 10
29 9
29 32
29 16
29 58
29 31
29 20
29 32
29 25
29 50
29 54
29 4
29 46
29 10
29 9
29 56
29 46
29 21
29 26
29 67
29 63
29 49
29 63
29 47
29 45
29 21
29 16
29 58
29 13
29 57
29 17
29 55
29 3
29 37
29 62
29 67
29 6
29 65
29 47
29 26
29 7
29 1
29 38
30 43
30 22
30 64
30 1
30 12
30 3
30 43
30 27
30 46
30 54
30 59
30 56
30 19
30 63
30 28
30 5
30 32
30 39
30 38
30 11
30 2
30 56
30 13
30 51
30 26
30 43
30 52
30 11
30 32
30 38
30 35
30 61
30 59
30 39
30 7
30 9
30 63
30 35
30 9
30 40
30 13
30 17
30 57
30 49
30 32
30 64
30 39
30 23
30 52
30 1
30 26
30 44
30 12
30 19
30 2
30 16
31 32
31 10
31 9
31 63
31 15
31 24
31 52
31 25
31 2
31 19
31 67
31 20
31 13
31 34
31 48
31 59
31 25
31 30
31 19
31 45
31 20
31 63
31 9
31 64
31 44
31 27
31 40
31 58
31 28
31 40
31 39
31 17
31 61
31 38
31 39
31 63
31 20
31 18
31 64
31 59
31 42
31 3
31 16
31 33
31 60
31 51
31 26
31 59
31 31
31 39
31 26
31 19
31 21
31 51
31 46
31 1
31 33
31 23
31 56
31 23
32 16
32 27
32 11
32 2
32 51
32 22
32 23
32 29
32 64
32 23
32 50
32 9
32 51
32 57
32 62
32 42
32 18
32 61
32 14
32 27
32 7
32 14
32 7
32 38
32 42
32 9
32 56
32 9
32 62
32 7
32 11
32 38
32 1
32 62
32 45
32 48
32 61
32 35
32 42
32 5
32 64
32 63
32 52
32 56
32 13
32 22
32 63
32 1
32 52
32 32
32 15
32 51
32 18
32 61
32 2
32 57
32 31
32 34
32 7
32 29
32 9
33 16
33 22
33 34
33 19
33 63
33 26
33 37
33 40
33 40
33 27
33 27
33 54
33 21
33 66
33 1
33 7
33 18
33 56
33 58
33 32
33 51
33 59
33 19
33 34
33 54
33 6
33 20
33 53
33 22
33 10
33 50
33 61
33 15
33 10
33 16
33 47
33 34
33 15
33 43
33 3
33 46
33 21
33 40
33 64
33 23
33 33
33 39
33 11
33 42
33 66
33 46
33 23
33 13
33 53
33 2
33 27
33 59
33 48
34 3
34 39
34 22
34 41
34 4
34 57
34 30
34 58
34 36
34 5
34 32
34 8
34 66
34 40
34 21
34 53
34 59
34 29
34 2
34 9
34 67
34 41
34 4
34 8
34 34
34 56
34 42
34 62
34 1
34 13
34 18
34 23
34 12
34 19
34 29
34 55
34 10
34 60
34 23
34 29
34 36
34 58
34 34
34 43
34 30
34 40
34 54
34 51
34 4
34 52
34 17
34 56
34 16
34 9
34 56
34 9
34 17
35 29
35 58
35 25
35 67
35 64
35 17
35 40
35 39
35 17
35 21
35 24
35 9
35 63
35 23
35 43
35 48
35 29
35 66
35 26
35 45
35 64
35 51
35 61
35 46
35 47
35 6
35 26
35 19
35 49
35 52
35 40
35 48
35 29
35 26
35 58
35 2
35 38
35 50
35 14
35 42
35 53
35 30
35 31
35 37
35 29
35 9
35 51
35 15
35 56
35 4
35 48
35 26
35 37
35 55
35 60
35 14
35 35
35 50
35 7
35 11
35 5
36 5
36 16
36 9
36 56
36 28
36 14
36 4
36 38
36 19
36 19
36 60
36 63
36 57
36 12
36 24
36 65
36 32
36 12
36 17
36 44
36 56
36 62
36 36
36 65
36 60
36 47
36 2
36 39
36 63
36 47
36 43
36 23
36 35
36 17
36 4
36 64
36 4
36 5
36 19
36 61
36 57
36 13
36 30
36 13
36 66
36 51
36 43
36 42
36 36
36 34
36 3
36 11
36 49
36 16
36 19
36 45
36 65
36 2
36 41
36 36
36 51
37 66
37 23
37 51
37 27
37 5
37 36
37 21
37 33
37 60
37 20
37 52
37 34
37 38
37 51
37 62
37 31
37 18
37 25
37 44
37 51
37 39
37 63
37 64
37 53
37 33
37 53
37 23
37 2
37 49
37 53
37 18
37 51
37 2
37 56
37 12
37 25
37 12
37 2
37 43
37 47
37 60
37 54
37 39
37 33
37 57
37 36
37 2
37 51
37 3
37 62
37 5
37 64
37 22
37 50
37 9
37 2
37 27
38 26
38 65
38 54
38 35
38 2
38 53
38 8
38 8
38 15
38 31
38 40
38 58
38 25
38 26
38 66
38 46
38 32
38 29
38 54
38 1
38 22
38 2
38 2
38 16
38 11
38 60
38 33
38 6
38 13
38 7
38 32
38 15
38 39
38 67
38 18
38 24
38 24
38 24
38 13
38 65
38 49
38 59
38 24
38 38
38 41
38 25
38 66
38 23
38 34
38 43
38 38
38 62
38 37
38 3
38 19
38 15
38 13
39 54
39 9
39 39
39 31
39 58
39 63
39 5
39 33
39 31
39 17
39 34
39 40
39 65
39 46
39 53
39 5
39 12
39 43
39 49
39 15
39 8
39 31
39 44
39 8
39 58
39 63
39 19
39 15
39 14
39 52
39 43
39 6
39 8
39 13
39 25
39 3
39 31
39 48
39 28
39 58
39 55
39 29
39 10
39 6
39 51
39 50
39 63
39 11
39 46
39 22
39 2
39 30
39 7
39 51
39 49
39 57
39 56
39 2
39 67
39 21
39 17
40 41
40 23
40 19
40 32
40 53
40 55
40 34
40 47
40 46
40 55
40 25
40 17
40 36
40 48
40 29
40 38
40 22
40 8
40 63
40 56
40 51
40 24
40 27
40 36
40 7
40 52
40 20
40 29
40 51
40 50
40 38
40 49
40 14
40 62
40 16
40 10
40 33
40 38
40 61
40 55
40 8
40 36
40 27
40 64
40 10
40 30
40 60
40 14
40 42
40 65
40 58
40 15
40 31
40 13
40 66
40 12
40 46
40 46
40 36
40 48
41 45
41 20
41 40
41 43
41 56
41 13
41 55
41 6
41 50
41 26
41 15
41 38
41 67
41 32
41 63
41 67
41 44
41 2
41 60
41 19
41 20
41 26
41 59
41 51
41 18
41 13
41 14
41 20
41 14
41 51
41 4
41 61
41 11
41 52
41 48
41 60
41 8
41 58
41 55
41 24
41 37
41 32
41 35
41 25
41 58
41 45
41 55
41 50
41 61
41 27
41 17
41 1
41 58
41 52
41 25
41 53
41 1
41 16
41 62
42 35
42 14
42 6
42 13
42 58
42 45
42 28
42 2
42 14
42 47
42 29
42 9
42 11
42 3
42 21
42 1
42 27
42 16
42 52
42 66
42 51
42 17
42 27
42 50
42 9
42 20
42 33
42 61
42 53
42 31
42 9
42 21
42 9
42 18
42 10
42 21
42 64
42 56
42 5
42 22
42 8
42 57
42 49
42 24
42 44
42 50
42 31
42 63
42 20
42 12
42 49
42 16
42 28
42 39
42 32
42 20
42 22
42 7
42 14
42 16
42 14
43 22
43 58
43 32
43 35
43 17
43 6
43 32
43 16
43 29
43 56
43 37
43 27
43 22
43 37
43 34
43 36
43 36
43 24
43 35
43 29
43 12
43 64
43 17
43 65
43 53
43 15
43 45
43 53
43 47
43 58
43 51
43 8
43 13
43 25
43 48
43 22
43 13
43 1
43 33
43 17
43 33
43 16
43 39
43 34
43 42
43 16
43 48
43 27
43 65
43 59
43 58
43 50
43 22
43 15
43 36
43 21
43 20
43 28
44 31
44 17
44 32
44 42
44 66
44 30
44 45
44 4
44 59
44 18
44 21
44 63
44 6
44 14
44 65
44 26
44 64
44 34
44 41
44 1
44 35
44 59
44 27
44 20
44 46
44 4
44 11
44 22
44 5
44 30
44 60
44 27
44 28
44 46
44 3
44 35
44 47
44 66
44 45
44 3
44 17
44 65
44 39
44 7
44 49
44 29
44 32
44 10
44 44
44 46
44 32
44 33
44 44
44 33
44 8
44 13
44 23
44 52
44 21
44 6
44 11
45 16
45 39
45 38
45 33
45 10
45 30
45 64
45 49
45 51
45 42
45 11
45 8
45 15
45 36
45 61
45 13
45 27
45 23
45 36
45 28
45 9
45 51
45 46
45 62
45 2
45 63
45 27
45 27
45 50
45 26
45 49
45 2
45 56
45 44
45 43
45 20
45 14
45 57
45 67
45 37
45 60
45 49
45 14
45 59
45 24
45 9
45 9
45 35
45 24
45 66
45 24
45 57
45 37
45 34
45 9
45 56
45 59
46 7
46 43
46 30
46 6
46 13
46 8
46 60
46 11
46 47
46 3
46 53
46 4
46 18
46 49
46 20
46 27
46 22
46 17
46 67
46 41
46 4
46 24
46 63
46 26
46 24
46 61
46 26
46 59
46 1
46 19
46 66
46 16
46 24
46 24
46 29
46 22
46 36
46 64
46 8
46 4
46 30
46 26
46 62
46 53
46 20
46 10
46 41
46 62
46 22
46 52
46 41
46 30
46 58
46 3
46 3
46 43
46 1
46 37
46 6
46 42
47 47
47 51
47 48
47 60
47 37
47 45
47 45
47 53
47 40
47 8
47 56
47 7
47 55
47 34
47 60
47 38
47 49
47 51
47 27
47 49
47 59
47 42
47 57
47 48
47 60
47 17
47 3
47 1
47 15
47 46
47 67
47 25
47 66
47 28
47 6
47 61
47 17
47 48
47 11
47 59
47 48
47 10
47 59
47 21
47 53
47 62
47 33
47 6
47 34
47 57
47 31
47 56
47 17
47 56
47 4
47 66
47 8
48 6
48 4
48 29
48 34
48 9
48 66
48 60
48 42
48 45
48 37
48 59
48 46
48 29
48 39
48 25
48 53
48 65
48 51
48 22
48 39
48 22
48 36
48 19
48 27
48 32
48 60
48 55
48 49
48 45
48 16
48 8
48 13
48 36
48 14
48 26
48 42
48 33
48 34
48 13
48 57
48 2
48 17
48 30
48 8
48 32
48 34
48 13
48 53
48 16
48 37
48 57
48 20
48 61
48 65
48 49
48 30
48 35
48 56
48 61
48 19
48 1
49 62
49 42
49 41
49 31
49 52
49 19
49 10
49 13
49 34
49 48
49 4
49 63
49 17
49 9
49 45
49 56
49 49
49 65
49 20
49 2
49 35
49 66
49 2
49 55
49 39
49 64
49 7
49 13
49 42
49 21
49 66
49 53
49 53
49 57
49 11
49 10
49 66
49 26
49 18
49 8
49 28
49 51
49 3
49 31
49 40
49 3
49 24
49 18
49 43
49 62
49 3
49 31
49 32
49 27
49 4
49 52
49 17
49 24
49 14
49 54
49 57
50 45
50 5
50 60
50 22
50 61
50 45
50 61
50 47
50 27
50 48
50 24
50 37
50 60
50 30
50 12
50 11
50 55
50 24
50 50
50 12
50 7
50 47
50 59
50 20
50 9
50 10
50 5
50 44
50 30
50 54
50 7
50 59
50 29
50 4
50 59
50 44
50 57
50 14
50 49
50 66
50 21
50 30
50 46
50 30
50 28
50 40
50 56
50 12
50 11
50 43
50 41
50 28
50 5
50 27
50 41
50 1
51 37
51 39
51 53
51 45
51 34
51 50
51 8
51 11
51 36
51 43
51 55
51 30
51 17
51 36
51 5
51 52
51 55
51 39
51 39
51 13
51 40
51 26
51 57
51 48
51 48
51 44
51 16
51 60
51 29
51 40
51 12
51 9
51 56
51 55
51 4
51 53
51 64
51 14
51 34
51 11
51 43
51 28
51 58
51 47
51 19
51 2
51 56
51 56
51 63
51 59
51 38
51 38
51 44
51 34
51 15
51 53
52 20
52 65
52 8
52 3
52 6
52 8
52 60
52 14
52 56
52 12
52 23
52 3
52 67
52 4
52 9
52 65
52 4
52 63
52 3
52 39
52 62
52 39
52 5
52 58
52 9
52 51
52 29
52 14
52 15
52 47
52 14
52 30
52 62
52 25
52 58
52 18
52 50
52 27
52 2
52 58
52 4
52 49
52 30
52 54
52 64
52 31
52 67
52 26
52 62
52 8
52 33
52 61
52 38
52 19
52 66
52 30
52 26
52 49
52 35
52 24
53 40
53 41
53 26
53 21
53 51
53 21
53 5
53 11
53 4
53 30
53 11
53 39
53 40
53 37
53 14
53 25
53 32
53 53
53 36
53 18
53 5
53 38
53 46
53 35
53 34
53 5
53 13
53 22
53 34
53 38
53 58
53 24
53 30
53 41
53 26
53 25
53 59
53 26
53 6
53 57
53 12
53 32
53 22
53 16
53 13
53 23
53 45
53 45
53 53
53 25
53 14
53 63
53 2
53 43
53 53
53 11
53 51
53 59
53 53
53 3
54 58
54 20
54 65
54 3
54 42
54 16
54 6
54 44
54 61
54 19
54 51
54 21
54 61
54 35
54 8
54 14
54 14
54 10
54 60
54 67
54 43
54 67
54 38
54 33
54 25
54 35
54 16
54 8
54 54
54 6
54 21
54 58
54 45
54 56
54 24
54 59
54 19
54 11
54 60
54 57
54 36
54 58
54 32
54 52
54 45
54 57
54 22
54 51
54 61
54 21
54 57
54 8
54 56
54 21
54 54
54 11
54 31
54 33
54 28
54 47
54 11
55 45
55 13
55 37
55 56
55 6
55 39
55 14
55 4
55 18
55 6
55 48
55 8
55 27
55 57
55 35
55 54
55 61
55 54
55 48
55 22
55 63
55 50
55 19
55 2
55 43
55 16
55 54
55 54
55 63
55 1
55 14
55 11
55 9
55 37
55 48
55 44
55 54
55 33
55 3
55 64
55 46
55 58
55 61
55 41
55 16
55 20
55 49
55 67
55 54
55 60
55 9
55 66
55 20
55 2
55 38
55 18
55 22
55 8
55 36
56 14
56 41
56 49
56 37
56 7
56 28
56 53
56 36
56 64
56 50
56 10
56 40
56 45
56 14
56 31
56 55
56 46
56 14
56 5
56 9
56 11
56 64
56 34
56 59
56 64
56 10
56 38
56 17
56 19
56 58
56 40
56 43
56 31
56 28
56 39
56 12
56 13
56 52
56 44
56 60
56 35
56 6
56 60
56 61
56 64
56 12
56 27
56 63
56 67
56 28
56 21
56 53
56 46
56 31
56 31
56 60
56 63
56 49
57 46
57 59
57 29
57 46
57 55
57 43
57 45
57 5
57 66
57 7
57 12
57 44
57 43
57 26
57 62
57 46
57 67
57 66
57 53
57 53
57 4
57 7
57 47
57 3
57 57
57 67
57 12
57 36
57 67
57 17
57 43
57 52
57 49
57 24
57 22
57 20
57 66
57 47
57 23
57 22
57 63
57 64
57 11
57 51
57 37
57 10
57 35
57 37
57 13
57 14
57 3
57 40
57 6
57 28
57 8
57 26
57 52
57 4
57 50
57 13
58 47
58 44
58 67
58 66
58 44
58 3
58 24
58 45
58 63
58 36
58 15
58 21
58 26
58 62
58 39
58 7
58 35
58 6
58 50
58 61
58 37
58 28
58 26
58 56
58 53
58 53
58 25
58 20
58 20
58 19
58 32
58 10
58 46
58 67
58 7
58 40
58 31
58 47
58 19
58 62
58 6
58 30
58 49
58 15
58 17
58 13
58 37
58 15
58 64
58 63
58 4
58 53
58 7
58 49
58 13
58 37
59 11
59 7
59 32
59 4
59 4
59 13
59 45
59 6
59 9
59 22
59 59
59 47
59 58
59 34
59 54
59 37
59 40
59 45
59 19
59 29
59 46
59 20
59 43
59 3
59 30
59 32
59 42
59 18
59 7
59 4
59 59
59 57
59 21
59 49
59 35
59 49
59 43
59 42
59 64
59 66
59 12
59 15
59 38
59 46
59 51
59 59
59 6
59 21
59 34
59 36
59 19
59 33
59 8
59 1
59 43
59 26
60 10
60 42
60 30
60 17
60 18
60 57
60 60
60 27
60 14
60 58
60 28
60 13
60 38
60 37
60 33
60 20
60 58
60 60
60 3
60 45
60 18
60 16
60 52
60 67
60 57
60 23
60 18
60 10
60 38
60 55
60 57
60 5
60 61
60 14
60 42
60 26
60 28
60 2
60 9
60 35
60 34
60 21
60 14
60 5
60 2
60 16
60 56
60 48
60 7
60 1
60 22
60 9
60 45
60 52
60 66
60 53
60 33
60 31
60 67
61 46
61 46
61 62
61 30
61 26
61 23
61 42
61 7
61 36
61 36
61 14
61 41
61 32
61 63
61 34
61 6
61 13
61 41
61 26
61 59
61 67
61 7
61 44
61 10
61 44
61 19
61 11
61 53
61 45
61 46
61 18
61 22
61 64
61 5
61 8
61 7
61 58
61 57
61 22
61 22
61 26
61 15
61 9
61 24
61 58
61 45
61 62
61 30
61 37
61 8
61 22
61 22
61 40
61 47
61 28
61 46
61 39
61 49
61 20
61 52
62 28
62 27
62 39
62 52
62 53
62 8
62 28
62 11
62 66
62 49
62 59
62 12
62 26
62 34
62 55
62 61
62 47
62 40
62 17
62 65
62 37
62 45
62 31
62 18
62 43
62 27
62 2
62 57
62 13
62 40
62 59
62 10
62 55
62 3
62 54
62 67
62 7
62 45
62 31
62 46
62 59
62 61
62 65
62 65
62 22
62 17
62 37
62 37
62 4
62 42
62 21
62 37
62 58
62 61
62 14
62 16
62 47
62 14
62 11
62 38
63 43
63 36
63 31
63 14
63 26
63 52
63 3
63 21
63 37
63 51
63 7
63 13
63 59
63 26
63 1
63 7
63 57
63 64
63 54
63 53
63 13
63 3
63 30
63 36
63 14
63 3
63 14
63 32
63 21
63 15
63 35
63 47
63 64
63 7
63 53
63 55
63 56
63 34
63 3
63 3
63 41
63 34
63 61
63 64
63 42
63 58
63 4
63 18
63 37
63 51
63 10
63 65
63 35
63 25
63 50
63 9
63 6
64 42
64 13
64 24
64 25
64 16
64 24
64 47
64 26
64 12
64 48
64 23
64 54
64 54
64 16
64 51
64 48
64 16
64 26
64 16
64 41
64 60
64 42
64 34
64 18
64 34
64 13
64 39
64 29
64 47
64 17
64 42
64 28
64 14
64 65
64 63
64 15
64 6
64 59
64 9
64 55
64 51
64 43
64 48
64 28
64 55
64 59
64 64
64 20
64 4
64 38
64 10
64 58
64 59
64 14
64 48
64 18
65 29
65 22
65 11
65 34
65 36
65 6
65 3
65 66
65 21
65 65
65 49
65 52
65 58
65 27
65 19
65 45
65 22
65 46
65 28
65 67
65 8
65 59
65 43
65 7
65 13
65 17
65 46
65 7
65 38
65 11
65 51
65 24
65 31
65 38
65 43
65 35
65 57
65 43
65 27
65 43
65 66
65 10
65 23
65 13
65 48
65 19
65 59
65 57
65 44
65 46
65 24
65 6
65 57
65 29
65 64
65 17
65 15
65 37
65 12
65 19
65 35
66 33
66 46
66 26
66 67
66 65
66 60
66 47
66 6
66 14
66 9
66 38
66 48
66 3
66 8
66 2
66 43
66 20
66 63
66 55
66 56
66 30
66 4
66 32
66 4
66 15
66 52
66 17
66 17
66 52
66 16
66 15
66 18
66 45
66 49
66 52
66 39
66 8
66 50
66 24
66 4
66 57
66 35
66 35
66 29
66 22
66 16
66 18
66 35
66 59
66 9
66 65
66 46
66 57
66 33
66 27
66 6
66 11
67 4
67 52
67 13
67 18
67 6
67 12
67 15
67 3
67 58
67 61
67 55
67 30
67 38
67 35
67 53
67 21
67 3
67 52
67 14
67 1
67 7
67 1
67 52
67 4
67 67
67 21
67 15
67 16
67 47
67 59
67 8
67 6
67 63
67 20
67 22
67 47
67 43
67 59
67 14
67 12
67 13
67 5
67 46
67 7
67 4
67 42
67 41
67 50
67 16
67 18
67 17
67 32
67 20
67 57
67 66
67 8
